0000000000000000
0000000000000000
0000000000000000
1111000000000000

0000000000000000
1000000000000000
1000000000000000
1100000000000000

1110000000000000
1000000000000000

1100000000000000
1100000000000000  3221274624

0110000000000000
0110000000000000
0000000000000000  105554726879232

0110000000000000
0110000000000000

1000000000000000
1000000000000000
1000000000000000
1000000000000000  9223512776490647552

0010000000000000
0010000000000000
0010000000000000
0010000000000000  2305878194122661888
